626 2 313 
210 2 3 5 7 
104 2 2 2 13 
13 13 
52 2 2 13 
119 7 17 
144 2 2 2 2 3 3 
208 2 2 2 2 13 
26 2 13 
303 3 101 
11 11 
17 17 
19 19 
23 23 
29 29 
31 31 
37 37 
41 41 
43 43 
47 47 
53 53 
59 59 
61 61 
67 67 
71 71 
73 73 
79 79 
83 83 
89 89 
97 97 
101 101 
103 103 
107 107 
109 109 
113 113 
127 127 
131 131 
137 137 
139 139 
149 149 
151 151 
157 157 
163 163 
167 167 
173 173 
179 179 
181 181 
191 191 
193 193 
197 197 
199 199 
211 211 
223 223 
227 227 
229 229 
233 233 
239 239 
241 241 
251 251 
257 257 
263 263 
269 269 
271 271 
277 277 
281 281 
283 283 
293 293 
307 307 
311 311 
313 313 
317 317 
331 331 
337 337 
347 347 
349 349 
353 353 
359 359 
367 367 
373 373 
379 379 
383 383 
389 389 
397 397 
401 401 
409 409 
419 419 
421 421 
431 431 
433 433 
439 439 
443 443 
449 449 
457 457 
461 461 
463 463 
467 467 
479 479 
487 487 
491 491 
499 499 
503 503 
509 509 
521 521 
523 523 
541 541 
547 547 
557 557 
563 563 
569 569 
571 571 
577 577 
587 587 
593 593 
599 599 
601 601 
607 607 
613 613 
617 617 
619 619 
631 631 
641 641 
643 643 
647 647 
653 653 
659 659 
661 661 
673 673 
677 677 
683 683 
691 691 
701 701 
709 709 
719 719 
727 727 
733 733 
739 739 
743 743 
751 751 
757 757 
761 761 
769 769 
773 773 
787 787 
797 797 
809 809 
811 811 
821 821 
823 823 
827 827 
829 829 
839 839 
853 853 
857 857 
859 859 
863 863 
877 877 
881 881 
883 883 
887 887 
907 907 
911 911 
919 919 
929 929 
937 937 
941 941 
947 947 
953 953 
967 967 
971 971 
977 977 
983 983 
991 991 
997 997 
1009 1009 
1013 1013 
1019 1019 
1021 1021 
1031 1031 
1033 1033 
1039 1039 
1049 1049 
1051 1051 
1061 1061 
1063 1063 
1069 1069 
1087 1087 
1091 1091 
1093 1093 
1097 1097 
1103 1103 
1109 1109 
1117 1117 
1123 1123 
1129 1129 
1151 1151 
1153 1153 
1163 1163 
1171 1171 
1181 1181 
1187 1187 
